$ANSIBLE_VAULT;1.1;AES256
36316264383430376464623233373335373063663562646232643062643762343363343962373835
6239643738316466353830336161353434663830333266340a353934366337383061376133393534
62363039663836663439643033626639666337306437303530653663363634653264613165666565
3638373038323365370a303562366363306361653361373661653364366630666332363834663166
32393162363934613762333239623661323434343039643836343230633361366139353430383662
65393434613434653361653436626437333863626165613937613230353733663963303932316236
39623137313731353539343965343939313437666433656336653261343138656461633564353362
31366533373363626261656639363233316363653663316561626363653831623166636361363263
64613936616237666636313530343961333639663039356332393632393662386331623530386537
33343862353238393963396532316565313062383263636536636430356136666266313830333839
35653966366438356133303732343232636664363164303265366235343235373366643965393034
33313332346632656638383761663962663066393832323031636465323033656237663738653032
39376165616630303637363063393832646365323838383763333935396466363630356334666131
31663261373061653261376238316338393730373164666231313434323663666335353666346139
61656465633263623763326236386139313131376533396633626437656234326361643361633061
30326431366436636131
